14696.0
7790.0
8564.0
11687.0
6755.0
9844.0
7092.0
118558.0
48781.0
27004.0
14720.0
64013.0
67082.0
106491.0
50870.0
111421.0
65134.0
971639.0
19766.0
574.0
3120.0
6279.0
1460.0
5703.0
8317.0
1232.0
523.0
5855.0
2515.0
6029.0
5935.0
6699.0
3220.0
3731.0
5110.0
1792.0
2713.0
4133.0
2454.0
0.5
0.5
0.6666666666666666
0.3333333333333333
0.25
0.625
0.125
0.1
0.6666666666666666
0.25
0.6
0.16666666666666666
0.8
0.9
0.8333333333333334
0.6
0.2
0.375
0.6
0.2
0.625
0.7
0.625
0.125
0.6
0.875
0.5
0.3333333333333333
0.3333333333333333
0.1
0.9
0.3
0.75
0.375
0.1
0.7
0.4
0.625
0.3
0.25
0.7
0.6666666666666666
0.875
0.9166666666666666
0.8888888888888888
0.4166666666666667
0.8333333333333334
0.75
0.75
0.8333333333333334
0.6666666666666666
0.8
0.8333333333333334
0.75
0.7
0.8888888888888888
0.5
0.9166666666666666
0.75
0.6666666666666666
0.8333333333333334
1.3333333333333333
5.666666666666667
3.6666666666666665
6.5
15.1
9.8
3.25
9.8
5.333333333333333
10.333333333333334
6.5
18.8
1.3333333333333333
1.8333333333333335
3.5
2.75
1.3333333333333333
4.333333333333333
14.75
10.666666666666666
0.2
9.8
0.08
0.5
14.02
0.46
9.12
0.31
0.2
0.53
0.09
14.02
0.6
4.6
1.22
0.52
12.7
1.7
7.26
6.6
