doubts- 7,26,28,29,36 59, 61 62 63, 144 154 159 167 168 169 183 195

unsimplified- 9, 13, 15, 17, 18, 20,23,25,27,30,44, 47, 48 49 50 51 53 56 59, 61 63 68 69 70 71 76
		81 84 86 88 93 96 99 100 104 113 114 115 116 118 119 123 124 125 126 127 128 129 130 131 132 133
		134 139 140 146 147 148 150 151 152 156 157 158 160 161 164 166 170 174 176 177 178 179 180 181
		182 185 186 187 188 189 190 191 192 193

comma-simplifer:
find verb & noun in first sentece
assign verb and noun to second sentence..
